3468
3577
3236
3334
3114
3347
3219
3421
3282
3389
3305
2962
3326
3458
2794
1084
1065
1059
1080
4659
1418
1194
1243
1248
2621
820
946
975
882
3149
3979
4179
4183
4136
3502
2462
2629
2713
2473
3777
1258
1347
1310
1319
2761
1603
1599
1645
1569
1510
4512
4263
4525
4839
3481
3478
3698
3634
3660
2107
2695
2541
2687
2771
1851
1450
1302
1272
1249
2037
1483
1384
1451
1444
2535
2649
2777
2001
2857
2352
1764
1271
1277
1269
3097
2171
2068
2259
2166
3049
1696
1761
1715
1494
3252
2081
2558
2549
2442
4411
2288
2330
2613
2300
3061
2189
2104
2247
2234
2919
2548
2917
3217
2879
3680
1900
1928
1850
1928
3444
2424
2414
2450
2539
3051
4555
4387
4549
4632
2846
1996
2094
2079
1915
4432
3059
3079
3102
3184
3318
5648
5608
5820
5662
2207
2349
2021
3018
3790
2431
1529
1308
1654
1604
2540
5216
5242
5575
5123
2281
1788
1775
1805
1769
2735
3020
3059
3130
3127
2182
2582
2700
2785
2845
2185
4907
5079
4107
5003
2332
2106
2267
2337
2329
3232
1807
1890
1851
1810
3073
1932
1925
1867
1956
3871
3784
4211
4185
4331
3177
4636
4622
4560
4567
3416
2112
2139
2047
2019
3269
2106
2060
2123
2284
3826
2093
2076
1998
2109
4070
5360
5172
5077
5648
2940
4795
4399
4333
4127
3432
2847
2625
3695
2757
2520
5484
5191
5031
5617
3344
2043
1726
1792
2312
3552
3604
3443
3527
3628
2699
4499
4544
4747
4591
2031
3230
4034
3617
3772
3024
5383
5163
5484
5510
4064
1993
1583
1967
1924
2127
4201
4248
4045
4206
2251
2921
2906
2905
3007
2908
2317
1949
1644
2009
2874
3975
3704
4435
4023
3195
2414
2198
2290
2201
2806
1656
1633
1477
1731
3220
4624
5024
4499
4854
3177
3555
3741
3711
3710
3326
3010
2827
2115
2583
2930
2672
2787
2673
2528
3041
2288
2157
2280
2179
2897
3966
4138
4277
4470
2091
3515
4319
3992
4530
2842
1087
874
881
890
2133
2378
2444
2438
2477
2896
1671
2047
1772
1853
2782
2210
2873
2976
2999
2768
3967
2743
4042
3017
3245
3831
2474
2875
2681
3823
2829
2708
2957
3134
2462
1378
1217
1650
1923
2509
2470
1998
2201
1967
3493
1815
1807
1799
1912
2807
3584
3587
3793
3298
2747
2160
2595
2612
2855
3086
3312
3899
3821
3816
3135
3616
3191
3789
2970
3593
2229
2495
2523
2537
2497
1925
2019
1909
1766
2472
1842
1835
2696
1906
2958
3378
3729
3412
3436
4119
3683
3174
3201
3130
5068
4179
6503
6081
6457
2870
2034
2110
2052
2131
2644
2114
2211
2175
2347
3282
3733
3880
3891
3967
3352
2257
2951
2380
2289
4176
2553
2572
2829
2725
3840
4152
4127
4101
2483
3997
2451
2604
2377
2605
3063
3004
2771
2992
2862
4195
1281
1285
1474
1292
3157
4161
3962
2950
3701
2836
1792
1823
1800
1841
3297
2305
2171
2306
2304
3679
964
1229
970
1062
3240
2745
2681
2599
2702
4468
2946
3312
3202
3469
3321
6069
6100
5861
5820
3588
2672
2754
3080
2887
3764
4429
4143
4367
3990
4322
2797
3220
3294
2874
4237
5575
4778
5646
5166
3624
3483
3484
3052
3406
4307
3010
3155
3081
3192
4172
7102
7123
7104
5028
4732
4721
4676
4293
4807
3168
4055
3946
4111
4147
4098
4090
4575
4351
4783
4318
3412
3974
3969
3778
3600
3044
2823
3174
3130
4207
2907
3121
5501
2919
3952
7144
6767
6972
6294
3441
4232
4460
3990
4156
3792
2884
3007
3053
2831
3476
4704
5107
4979
4859
3441
2562
2557
2876
2613
3559
2858
2571
3062
2713
4729
3522
3886
3954
3892
3650
4160
4555
4198
4525
3537
2714
2660
2846
2565
3988
3169
2894
2758
3202
4371
6484
4525
6704
6112
4409
3918
3942
4162
4105
3968
3242
2902
3261
3544
4124
4424
3597
3593
3690
3951
3414
2593
2330
2408
4334
2635
2585
1917
2649
4198
3426
2920
3045
3731
3330
3102
3000
2941
3081
3492
4671
6433
6478
6665
4061
2659
3445
2822
3258
4199
3948
3849
3622
3516
4382
3877
3278
3354
2132
3718
3426
2878
2810
2768
3583
2678
2541
2708
2526
3407
3100
3279
3361
3394
4932
5532
5397
5320
5497
4600
5590
5120
6775
5613
3673
4131
4243
4252
4177
4621
2959
2898
3073
3213
4655
4402
4060
4408
4414
3908
3577
3556
3296
3522
3630
3339
3581
3651
3187
3837
5490
5086
4936
5459
3547
5971
3724
3616
3566
3626
3504
3739
3782
3445
4071
4001
5114
4010
4147
4184
1581
1792
1794
1825
3703
4443
4443
4298
3995
3660
4134
3669
4217
4050
4066
1672
1530
1377
1468
4247
5325
5338
5203
4826
3997
2607
2600
2596
3735
4882
4436
3498
3279
3262
4300
2718
2440
3643
2642
3383
2912
3144
4932
3675
3967
3793
3032
6109
3710
3675
4256
4535
4479
4187
4274
3268
6170
3235
3524
4280
3784
4908
3762
3460
4271
5810
5887
5932
4652
3799
3396
3896
3127
3415
4715
4794
3740
4672
4281
4119
2932
3168
2742
3278
4074
3699
3477
3518
4616
4168
4005
5008
4208
3960
4516
3025
2980
3008
2982
4097
3986
4493
3814
4769
4471
3977
3910
3672
3648
3803
4618
3780
5190
3884
4141
2985
2246
2733
2977
3978
2862
2787
3092
3036
3994
4758
4292
5149
4226
3923
3789
3921
5122
3596
4392
2502
2953
3127
3853
3595
2819
2902
3164
3139
4384
6197
4528
3834
4517
5961
2886
2898
2652
2946
3948
3570
3498
3233
3488
3278
4176
3324
3332
3373
3459
2989
3662
4743
2856
3187
3065
2927
3319
3113
3587
3481
3532
3322
3449
4259
3443
3573
3215
3651
4675
4660
3616
3376
3675
3080
3766
3035
3020
2845
4077
3829
4155
4253
4261
3783
3840
3791
3834
4501
3675
2700
2571
2853
2618
5486
3259
3235
3355
3377
3485
3624
3211
3264
3312
3052
3908
3162
3216
3791
4096
2920
2878
2775
2825
4920
3164
3876
3180
3164
3390
3585
3754
3843
3806
3653
3577
3026
3054
3013
3811
3138
3298
3410
3242
3252
3837
3971
3921
3753
4119
3080
3242
3287
2908
3833
3562
3705
3464
3439
5068
3185
3419
3328
3227
4641
2990
2965
2961
3499
3963
2308
2378
2516
2349
4077
2801
2713
2797
2868
4346
3146
3234
3143
3058
3634
3352
2999
3494
3555
3632
2990
3026
3069
3200
3560
5362
4024
4052
3890
3832
3505
3102
3498
3658
3337
2997
2687
2997
2990
3442
2871
3032
2667
2714
4189
2647
2655
2638
2449
3833
3573
3734
3332
3733
4190
4103
4131
4133
4017
3791
2604
2546
2429
2529
3484
3549
3063
3378
3626
3918
3427
3691
3373
3429
4019
2655
2617
2634
2682
3585
2860
2812
2770
2691
3664
2738
2869
2743
2774
4074
4094
3951
4207
3966
4007
3917
3786
4464
6794
4478
3097
3218
3206
3241
3587
3909
3967
5256
4454
4108
2055
2003
1755
2049
3990
4007
3883
3899
3920
3710
2873
2899
2784
2882
3909
2304
2768
3434
2522
3615
3266
4097
4148
3445
3919
3434
3464
3278
3354
4322
3244
3397
2607
3352
4134
934
1081
1169
944
3517
4316
3639
3291
3611
3598
5574
5153
5540
5041
3261
2947
2886
2933
2923
3992
3374
3006
2989
3040
3522
3174
3172
3231
3285
3983
2678
2732
2827
2673
3857
3775
3948
3938
3846
3155
1728
1813
1877
1886
4081
1441
1365
1346
1419
3348
2937
3563
2689
2812
3196
1927
1230
1213
1200
4030
4003
4158
4375
4130
3144
4861
3385
3667
3340
3374
3421
3139
3518
3784
3042
1154
1138
1171
2929
3130
3097
2696
2672
2932
3608
2619
2269
2427
2542
3453
2663
2523
2719
2484
3282
2633
2341
2419
2351
3298
3099
2968
2983
3087
4100
3821
3865
3502
3691
3029
2996
2885
3406
3585
3266
2750
2658
2668
2552
4072
3931
2754
2715
4051
3390
1504
1164
1220
1276
3339
3020
2601
2983
2762
2947
2362
2498
2442
2420
3541
5199
3907
3906
3774
3898
1617
1120
1320
1487
3517
1808
1404
2050
2435
3430
3567
3291
3574
3734
2493
3719
3779
3332
3434
3673
1201
1165
1165
1154
3006
1773
1020
1035
1022
3257
3265
2631
3210
3252
4003
2639
2574
2919
2173
3109
3078
3031
5482
3159
3227
2630
3902
3723
3777
3487
2612
4562
2725
2866
4290
2241
1892
2442
1875
3083
1989
2220
2323
2305
3630
3126
3326
3209
3769
3150
1147
2837
1106
1261
3236
982
993
957
2297
3785
2521
2654
2761
2606
3151
2921
2864
2514
3093
2848
3489
3684
3676
3138
3538
3077
1987
2163
1873
3316
3065
3384
3381
3537
3160
2752
2432
2875
2855
3174
1822
1586
1747
1933
2646
2813
1981
1688
1920
2800
1416
1576
1449
1546
3386
1822
1902
2166
1842
3521
3846
3865
3749
3789
3203
3721
3776
3845
3973
3583
2885
2903
2696
2697
3267
2206
2138
1850
2151
3036
3782
4524
3342
3320
3742
2873
2785
2254
2914
2947
3088
3091
3065
3527
3145
3006
2938
2831
3050
3308
2545
2455
2554
2461
3414
1925
1717
1961
1988
3022
4779
3052
4674
3094
3088
1794
1974
1972
2418
3310
3718
3575
3804
3610
3162
2560
2125
1983
2373
2879
2963
1292
3019
1409
2750
2829
2668
2936
2657
2918
3203
2970
3001
3086
2835
908
1051
1051
1147
3054
2616
2776
2535
2655
2736
2716
3207
3227
3161
2355
2315
2143
2252
3412
2689
3199
5486
3176
4932
3182
1649
1666
1643
1654
3058
3452
3612
3575
3377
2604
2986
3196
3006
2815
2714
2354
2758
3047
3022
3222
1237
1219
1008
1092
2796
2285
2418
2595
2743
3291
2478
2481
2274
2211
2697
3631
3685
3696
3676
2884
2737
2763
2839
2916
2854
2471
2455
2594
2261
2750
3782
3811
4121
3905
2909
3244
3479
3631
3393
2771
2427
979
943
998
3066
3199
3183
3357
3375
3217
3246
3093
3158
3179
2616
2453
2206
2504
2858
2744
2287
2982
2884
2338
3102
2767
2708
2683
2717
2649
2902
2852
4744
2866
2925
2663
2636
2986
2573
2747
2917
2848
2907
2922
2930
1629
1796
1517
1618
4008
3051
4602
2755
2653
2352
1762
1606
1594
1267
2553
1929
1414
1830
1709
2583
1322
1559
1327
1349
2423
1911
1836
1829
1812
2930
2750
3054
2380
2920
2655
2564
2471
2365
2615
2764
1182
1148
1065
1116
2490
1364
1429
1365
1358
2670
2206
1942
2680
2193
2783
3090
3554
3224
3712
2354
3634
3312
2915
3472
3211
2195
2189
2282
2127
2570
2581
2542
2467
2711
2589
1253
1691
2038
2095
3171
2280
2345
1750
2100
2381
2488
2571
2451
2515
2641
2778
2723
2707
2654
2685
2889
3070
2808
2972
2745
2566
2679
2587
2681
2605
3072
3144
3192
2744
2923
2550
4238
4128
2438
2572
2012
1931
2065
3343
3008
2277
2335
2463
2345
2799
2495
2511
2535
2266
2608
2507
2567
2519
2418
2817
1581
1818
1848
1543
2689
2322
2324
2091
2424
2754
2218
2096
2151
1813
2406
2281
2379
2355
2293
2613
3564
3743
3787
3747
2497
2448
2379
2230
2345
2977
3017
2850
3145
3335
2621
1949
2252
2615
2561
2773
2880
2633
2897
2836
2704
2481
3259
2656
3271
2417
2742
2677
2668
2682
2629
1821
1623
1726
1541
3008
1596
1617
1667
1587
2327
2035
1835
1798
1816
2798
2788
2713
2746
2847
2428
2454
2457
2622
2425
2173
2259
2258
2252
2149
1902
2883
2922
2905
2915
2511
2356
2547
2563
2540
2502
2605
2810
2943
2508
2448
2207
2126
2211
2226
2787
2462
1974
1828
1743
2385
2404
2145
2181
2138
2248
1825
1830
1587
1712
3122
3877
4169
4087
4068
2184
1766
1885
1299
1672
2070
2498
2387
2533
2504
1657
1692
2393
2266
2417
2258
2133
2108
2091
2155
2258
3073
3210
3775
3970
3404
2216
2711
2409
2227
4003
2351
2307
2328
2440
2670
5213
5210
6894
5069
3810
4091
6680
6657
6354
5009
2796
3082
3068
3483
3612
4106
4911
4030
5891
4428
933
946
1015
904
2889
2166
1644
1748
1636
3550
6459
6137
6153
6354
3353
2843
2335
2608
2749
3242
1962
1959
2272
1793
3854
6085
6308
4089
6338
3553
2146
2208
2218
2229
4613
949
963
890
1015
3320
1987
2341
1965
2494
4242
6178
6653
6613
5662
3181
1888
1880
1706
1669
3492
2835
2916
2928
3210
2554
1918
1910
2073
1564
3462
4781
4779
4561
4304
2365
2088
1883
2688
2015
3404
4624
4572
4551
4209
2753
1541
1655
1560
1728
2645
3071
2840
3012
2819
2761
1200
1413
1349
1331
2757
3017
2949
2624
2876
2741
1872
1751
1898
2079
3021
4066
3209
4506
3261
2868
1174
1090
1019
1030
3172
2851
2858
2788
2867
2675
1726
1411
1328
1816
3888
5327
5069
4641
5305
2321
856
846
962
916
3387
3889
4023
3779
3589
2746
1401
1259
1287
1576
2555
2142
1753
2156
2149
2392
1953
1895
1868
1826
2346
2476
2376
2497
2515
2369
4257
4594
4634
3401
2317
2944
2669
3027
2704
2625
1033
1559
1491
1030
3732
3861
4178
5938
4550
3627
2286
2319
2231
2333
2911
4560
4114
4520
4423
2764
2201
2324
2236
2231
3251
6214
6430
5947
5672
2774
1886
1809
1853
2095
3327
5525
5602
5731
5119
2657
2026
2065
2054
1580
4049
6226
6343
6284
6398
2721
2493
2633
2662
2419
2621
2141
2331
1884
1702
2987
1483
1542
1307
1542
2450
3843
3597
3466
4050
2012
1184
1331
1193
1364
3205
1797
1521
2330
1601
2066
1092
1102
1500
1366
1920
3657
3539
4042
2871
2411
1059
1112
1095
1052
2126
1993
1746
1763
1756
4606
1363
1336
1428
1337
2783
1641
1760
2443
1795
1442
2699
1970
2765
2704
1808
2789
2834
2748
2805
2109
1580
1848
1584
2002
3225
4122
2159
1915
2128
2344
1089
1101
912
862
2361
2129
2436
2199
2385
3054
1618
1357
1905
1669
2108
4377
4548
4869
4834
2854
4690
5662
5167
5610
3380
4258
4159
4394
4328
3368
5387
5267
6174
4236
4058
1822
1582
2039
1892
2446
1274
860
859
1238
1650
2379
2360
2388
2078
1750
886
918
905
1094
1706
1569
1583
1330
1454
1719
1901
2298
2353
2226
1819
1155
995
928
933
1702
1311
922
1489
1283
2017
1204
1450
1299
1432
1439
1096
1451
1118
1107
1698
3490
3287
3410
3398
2009
2349
1583
2243
2254
1363
1167
1450
1125
1137
2096
6285
6199
6282
5576
2390
1618
1665
1607
1685
3224
3312
5308
3214
5641
2935
1467
1927
1636
2027
1627
1479
1531
1640
1131
1832
1473
1868
1709
1084
2775
1647
1386
1260
1336
2521
2726
2640
2304
2343
3306
1438
1404
1427
1488
1895
1942
1692
2147
1391
3444
1070
1060
916
1353
3410
2487
2552
2625
2521
3018
2339
2455
2330
2907
4202
1065
1077
1684
1100
3998
1309
921
981
949
2146
1823
1809
1576
1809
2604
2256
867
829
3009
2223
1252
1543
1450
1370
3886
5489
5959
5827
5947
2738
1412
1517
1398
1343
3439
5296
5488
6059
4394
2433
1558
1654
1770
1557
2793
5885
5379
5864
5782
2620
2455
2585
2577
2602
3810
5112
4815
4048
4533
1978
2432
1998
2205
2180
3381
3755
3702
3515
3555
2970
1210
1936
1219
2303
2832
2295
2079
2249
2630
2316
1825
1729
1949
1750
2238
1636
1577
1609
1619
1972
1692
1935
2017
1980
2202
3280
3420
3352
3467
2346
2862
2940
3023
2777
2247
1972
2007
2058
1910
2801
2679
1317
1321
1275
2415
1736
1636
1642
1616
1620
995
1273
1272
1139
2609
963
865
864
1010
3102
961
907
941
1292
1508
2094
2441
2139
3093
2394
1379
1486
1006
1076
1851
2007
1899
1844
2088
1766
2965
2942
2973
3072
2368
1097
1110
1790
1361
2396
2512
2483
2594
2274
1564
1959
2012
2122
2047
1555
4911
4848
4341
4922
1656
2855
2991
2949
2880
1826
1189
1137
1098
1198
1785
1974
1654
1699
1626
2026
1204
1182
1200
1202
1397
1062
863
871
883
1464
1710
1908
3021
1504
1517
974
1106
1075
1043
1938
1523
1572
1646
1574
1765
1407
1149
1097
1136
2460
1686
1910
1656
1606
2316
2059
2080
2086
2017
1952
1350
1441
1393
1133
1882
1500
1506
1570
1524
2430
2837
2921
2905
3036
2632
1896
1880
2285
2005
2158
1672
1324
1324
1364
2321
1304
946
985
913
2174
2090
2700
1872
1879
2001
893
828
1047
838
1379
4318
2977
4263
3053
1902
2243
2160
2319
2429
1808
948
984
2026
1021
1444
1495
1584
1568
1583
1791
900
948
932
933
1787
2096
2182
2053
1706
1832
1190
1137
1326
1234
1497
1441
1366
1363
1360
1771
923
911
957
1140
1935
1935
2065
2250
2035
2038
1464
1347
1455
1327
1725
2588
2648
2652
2676
1812
2288
2064
2292
2294
1599
983
1167
1067
998
1508
1671
2260
2003
1976
1278
1154
1175
1138
1142
1469
1554
1589
1487
1478
1765
1518
1062
1367
1038
2197
3972
4088
3949
4092
1864
1344
1544
1358
1345
1537
1291
1271
1030
1340
1720
2269
2205
2361
2100
1296
1199
1227
1170
1228
974
1182
1282
1090
1093
1486
1180
1273
1119
1192
1581
1119
1061
1133
1096
2561
1407
1622
1558
1359
1663
4545
5336
5249
5430
3271
1275
1247
1380
1017
1423
1743
1705
1785
1728
1299
2071
2281
1665
2108
1594
2796
2819
2934
2761
1338
1225
1514
1518
1524
2117
3068
2611
3402
2123
1216
1123
1433
949
966
1374
994
991
1289
984
1491
4479
4119
3687
5235
1414
1162
1359
1218
1574
1410
1095
1124
1094
1107
1301
1821
1492
1521
1666
1423
896
940
984
1002
2511
1302
1159
1115
1191
1661
1124
1332
1377
1400
1455
4258
4025
4528
4024
1766
1010
1046
1183
981
1548
1000
882
1057
1103
1353
1291
1335
1391
1279
1365
2423
2408
2359
1701
1322
3287
2821
2877
3517
1129
3868
3676
3520
3780
1719
931
1225
1175
1036
1870
1371
1284
1343
1808
1153
1246
1312
1268
1944
1881
1282
1331
1546
848
1879
1301
1380
1374
1424
2647
943
1028
1015
1055
1496
1404
1378
1416
1386
1362
1053
976
1348
1041
1220
2347
2393
2354
2375
1588
3351
2989
3200
4209
1656
2570
2243
2426
2467
1610
1310
1619
1202
1230
1949
1454
1353
1375
1807
1843
1049
1046
1097
1097
1252
1909
1947
1838
1970
2078
2703
2437
2579
2680
1202
1204
1084
1054
1070
1716
872
863
870
922
1760
1145
1166
1389
1107
1480
1089
1130
1431
1218
1849
916
1043
1046
945
1298
1073
1029
1063
1044
1437
1055
1090
1066
1062
1229
3229
3502
3309
3502
1290
2001
1909
1929
1869
1399
999
1056
1027
1016
1396
965
1045
880
949
1491
1587
1648
1569
1633
1038
1411
1544
1382
1499
1289
3164
3452
3475
3310
1319
1199
1209
1192
1332
1166
2814
3027
2900
3056
1473
1566
1258
1198
1543
1489
1200
1173
1232
1446
1154
1166
1175
1250
1134
1142
1017
1030
950
1425
1200
1239
1302
1254
1297
1380
1513
1471
1432
1474
1373
1170
1242
1217
1181
1194
1517
1441
1566
1322
1142
948
940
965
1001
1107
1468
1456
1531
1509
1075
1025
880
860
1208
1176
958
910
936
964
1046
1242
1168
1153
1204
1062
1074
1057
1022
1148
1194
1333
923
843
829
1218
1004
993
1026
1006
1118
909
1023
1111
896
1077
1389
1438
1405
1435
1199
859
1210
804
807
1261
1508
1848
1565
1633
1689
1009
957
934
913
916
1322
1014
927
887
1053
1236
1250
1467
1190
1099
899
905
1004
1004
1137
1250
1237
1306
1254
1082
1337
872
828
988
1196
1117
1056
1479
1435
1132
1451
1258
1209
1421
1018
860
869
1092
915
1171
1057
1061
1165
1034
1083
1187
1333
1614
1188
1400
1059
920
915
1073
988
4251
4912
4232
4341
1412
1079
1099
1304
1295
915
1021
1007
1364
1009
1282
1637
1384
1366
1326
1066
1172
1183
1162
1214
1224
914
967
934
958
1068
1230
1269
1119
1202
915
1667
1785
1755
1767
1063
5005
5553
5619
5274
1047
986
1028
1408
1135
1134
936
951
1074
945
1551
903
1284
930
948
1104
2563
2610
2689
2574
1724
2947
3388
3201
3261
1687
897
873
892
905
1255
1089
904
1057
915
1252
1011
987
989
989
1059
875
850
928
875
1717
979
1012
977
1006
1090
1293
1065
1050
1119
1089
1261
1259
1262
1322
1523
1361
1465
1360
1357
1432
1331
1060
1084
1055
1759
1259
1229
1210
1233
1131
840
961
1504
901
1440
922
1021
895
1229
1338
1289
1329
1291
1366
1294
1318
1364
1415
1225
1359
931
900
852
1075
1272
1234
1490
948
924
1328
945
931
1000
1049
1310
1258
1232
1201
1175
1166
1406
1353
1394
1437
1464
1580
1564
1966
1596
1122
1451
1206
1333
1153
1002
944
908
909
1349
1196
969
911
952
922
1290
946
890
921
882
1311
1186
1174
1240
1416
1005
1259
1067
1010
1041
1082
3632
3696
3727
3769
1364
2887
3122
2904
2775
1202
1094
1116
1048
1076
1114
5273
5492
4899
5390
1397
1405
1631
1620
1420
1206
1020
1016
1062
1073
1045
1148
1114
1079
1227
1032
960
907
972
970
1044
967
962
931
1039
1251
1174
1172
1168
1278
1118
1389
1180
1214
1265
965
939
801
834
796
1103
904
851
941
906
1183
1330
1667
1293
1482
1000
1274
1247
1435
1234
1317
1387
834
1000
963
1117
1327
862
857
886
1271
849
884
849
1226
1605
1223
1272
1271
1426
1186
861
948
857
992
1512
1228
1057
1154
1240
1313
960
966
856
1182
1139
899
1055
935
1428
1614
948
835
851
929
1135
952
872
1062
1406
1152
982
937
905
903
1222
1105
982
1276
992
1167
1289
1539
1245
1231
1106
840
840
900
839
1194
1328
1227
1312
1737
1061
892
873
1021
999
1496
1043
1035
1064
1121
1367
865
859
830
855
1470
901
869
1009
1085
1475
1252
1354
1194
1172
1198
1530
1381
1388
1414
1112
1379
846
955
940
1603
938
952
885
979
1327
1186
890
1151
1013
1476
1363
1376
1529
1358
1098
1346
1019
968
970
1280
1117
1084
846
1059
1174
1026
1024
1001
1100
1025
1457
1676
1443
1446
1335
1177
1211
1218
1204
1657
1095
1162
919
944
1409
1032
1096
1058
1007
1358
1274
1221
1293
1532
1344
1267
1373
1173
1455
1210
1315
1374
1328
1303
1378
984
1042
984
1360
1357
870
871
843
882
1154
1199
912
926
934
1314
1408
1358
1459
1544
1182
994
1099
1213
1055
1231
1071
1024
1300
935
1456
985
950
946
949
1693
1779
1827
1897
1884
1134
926
918
1197
930
1168
930
889
920
898
1090
1330
1334
1340
1361
1229
950
877
1035
855
1359
861
860
930
853
1288
1187
1247
1203
1237
1698
1299
1211
1093
1125
1248
924
855
820
801
1181
2050
2470
2138
2165
1259
882
899
1079
1110
1591
1039
1108
1061
1174
1224
1087
1050
1468
1218
1631
1882
1177
924
939
1335
904
955
1060
926
1724
1849
1875
1991
1905
1159
1218
1235
1377
1487
1154
3771
3720
3264
3496
1432
1797
1784
1761
1772
1484
1133
1204
1156
1222
1036
1203
1196
1226
1558
999
1133
1139
1068
1039
1051
815
1226
1128
1052
1191
1251
1252
1256
1346
1171
1056
1184
1557
1112
1691
1597
1502
1534
1743
1255
1338
1582
1421
1411
1157
909
1208
941
882
1184
1327
1301
1357
1299
1064
1557
1366
1431
1246
1043
1206
1169
1181
1124
1376
2597
2622
2899
2622
1008
887
905
1035
1123
1302
1385
1004
1038
911
1148
1128
1505
1176
1154
1208
885
948
905
988
1203
998
1025
978
1595
1155
1232
1339
1187
1330
1275
857
869
945
850
1409
1261
1531
1256
1397
1047
912
798
818
871
966
1441
1420
1532
1633
1150
4379
4040
4233
4260
1201
1578
1591
1844
1513
1228
1198
1135
1143
1187
1164
966
1114
914
934
1191
899
973
986
943
1366
1011
990
1136
1031
1155
2867
3216
3434
3605
1728
1056
1081
1082
1069
1148
1762
2246
1863
1873
1694
1833
1644
1645
1639
1210
974
1014
1341
1419
1212
886
855
863
920
1104
1178
1131
1028
1686
1190
1079
1238
1105
1198
1686
856
872
972
921
1106
915
894
861
875
1368
1319
1911
1326
1375
930
1335
1192
1429
1235
1390
4692
4398
4785
4809
1003
1131
941
973
905
1108
870
875
1169
888
1023
1070
1056
1093
1259
1041
1252
1587
1225
1235
1345
910
1109
1022
915
1067
1233
1290
1301
1292
1039
828
844
880
839
1847
884
839
986
865
1047
1108
1103
1072
1145
1544
987
863
860
852
1057
1327
1350
1307
1332
1350
982
1012
1003
983
1378
3126
3248
3217
2941
1076
1028
959
904
897
1251
1722
1743
1744
1744
1094
960
899
882
1011
1075
1281
1382
1300
1298
1672
1020
840
897
912
1304
905
1012
858
947
1280
964
863
862
877
1087
1160
1156
1251
1178
1406
1287
1112
1085
1081
1053
959
1045
1054
1113
1684
941
849
1119
1111
1056
1386
1440
1453
1426
1344
1417
1266
1286
1188
1089
1475
1177
1388
1277
1038
922
945
964
912
1229
1937
1893
1778
2058
1297
957
908
1037
910
1044
1561
2166
1569
1580
1237
1395
1451
1417
1390
1021
1253
1089
1078
1055
1344
888
948
846
1028
1437
3788
3712
3707
3533
1445
1592
1540
1429
1391
1471
1117
925
890
907
1142
1582
1559
1500
1553
1161
1543
1629
1650
1649
1220
982
1039
1385
1004
1113
2876
2989
2989
2911
1365
1581
1390
975
1101
1157
1250
1224
1210
1205
1095
1098
943
893
823
1015
834
793
1074
839
1152
1007
902
901
897
1100
1182
1211
1198
1349
1509
3406
3410
3430
3681
1494
873
1021
896
850
1180
805
919
844
792
1431
839
845
865
846
1030
1533
1253
1261
1245
1222
980
859
902
975
1276
1103
882
984
907
1391
926
917
915
1898
1030
954
881
982
1220
1304
1869
2240
2284
2159
1475
848
830
1068
837
1483
885
981
856
1169
965
1157
1006
912
903
1630
900
883
899
969
1348
1550
1294
1322
1830
1049
975
1136
840
876
1601
1003
919
1020
931
1723
1374
1270
1300
1347
1107
1085
1400
1056
1177
1170
1238
1169
1208
1261
1142
868
929
895
925
1158
1245
1666
1264
1204
1130
1378
1389
1285
1406
1216
1188
1254
1240
1187
1264
1092
1557
1090
1093
1270
1146
1203
1152
1186
1188
833
873
871
846
2086
1390
1262
1488
1271
1171
866
828
897
829
1360
920
1075
1156
997
1319
952
940
940
1063
1285
1453
1102
1327
893
1320
929
911
972
930
1036
1230
1065
1178
1213
1530
1582
1570
1564
1538
1187
1084
1039
1023
1017
1436
1712
1424
1673
1452
1285
887
905
945
1279
1453
858
842
885
852
1460
1182
1073
1407
1105
1327
1162
1168
1165
1158
1113
1187
1193
1239
1187
1621
1120
927
1142
897
1423
1005
997
1061
991
1248
914
962
929
1095
1428
884
1133
1157
908
1534
997
840
852
912
1249
1089
859
910
948
1080
1222
1229
1228
1220
1557
1216
1182
1163
1353
1170
1080
1045
993
1016
1713
893
971
836
823
1326
1082
876
855
899
1341
3104
3126
2558
2901
1170
897
903
947
1050
1420
854
855
1053
802
1477
3023
2754
2842
2989
1242
1441
1395
1387
1513
1178
1037
1043
1145
1220
1753
2142
2120
2144
2168
1772
1195
862
875
820
1250
1951
1859
1911
1983
1076
1063
1149
1142
1064
1174
1360
1602
1324
1528
1279
1403
1340
1357
1339
1152
1486
1479
1426
1491
1249
1583
1509
1517
1549
1356
1104
1082
1281
1247
1574
1358
1414
1390
1448
1653
1115
1020
1065
1258
1378
910
943
933
1159
1432
1278
1243
1170
1225
1407
1476
1186
1200
1204
1266
896
883
913
858
1104
1316
1199
1183
1188
1213
1072
1301
1054
1055
1316
1632
1606
1639
1391
1187
912
824
834
827
1375
899
1075
1109
1106
1302
1129
930
919
903
1087
1150
1077
1099
1103
1196
851
854
913
905
1192
1580
1583
1515
1593
1286
919
857
899
1013
1159
1386
1487
1838
1425
1381
906
925
1004
913
1195
1046
1029
909
962
1722
1291
1223
1226
1288
1403
1240
1273
1399
1339
1709
1117
925
1020
929
1401
858
939
1135
847
1323
1181
1296
1174
1208
1455
1246
1472
1254
1261
1826
1021
1599
984
1085
1528
1054
1081
998
1003
1226
924
1039
1100
909
1121
918
844
871
847
1525
902
902
1233
884
1238
891
952
923
953
1301
1134
935
930
907
1249
1380
977
851
855
1126
1132
1121
920
866
1469
1126
903
856
938
1131
2105
2253
2301
2261
1335
985
1029
1136
1199
1199
2832
2706
2715
2820
1238
947
858
868
1214
1723
2264
1855
1842
1910
1189
1153
1159
1199
1106
1468
912
959
1737
905
1018
865
1258
930
874
1118
2065
1781
1755
1769
1221
1183
1552
1092
1305
1210
1341
1263
1656
1362
1327
1076
1062
1099
1059
1230
1198
1150
1027
1031
1309
958
897
936
920
1063
1617
1385
1279
1359
1122
1204
1317
1203
1261
1808
1689
1685
1643
1590
1445
5392
5407
5037
5483
1530
1147
1194
1096
1500
1465
1330
1292
1909
1660
1101
999
969
962
1174
1466
1018
1303
985
966
1383
1018
1314
1000
984
1081
956
842
850
854
1108
1086
1142
1039
1479
1545
1461
1299
1387
1337
1142
1332
1217
1342
1495
1755
847
837
839
842
1419
1507
1588
1497
1553
1091
887
966
870
852
1401
999
905
860
873
1109
862
1457
1442
933
1306
1354
1351
1350
1718
1397
1711
1590
1605
1555
1755
1194
1434
1187
1430
1289
1316
1229
1018
1270
1223
1107
1042
973
968
1082
1261
1026
1405
1019
1357
1650
1362
1941
1408
1277
3583
3704
3832
3653
978
1072
1316
951
899
1179
911
1029
1300
942
1520
1088
1237
1119
1160
982
851
879
926
837
1364
3195
3276
3390
3062
1139
916
900
941
1727
1180
1006
997
999
1402
1128
891
956
1129
891
1291
931
1231
1054
909
1397
879
886
844
986
1381
992
970